[-9,5,0]
-1,0,0,-1|||
[-8,5,0]
-1,0,-1,0|||
[-7,5,0]
-1,0,-1,0|||
[-6,5,0]
-1,0,-1,0|||
[-5,5,0]
-1,0,-1,0|||
[-4,5,0]
-1,0,-1,0|||
[-3,5,0]
-1,0,-1,0|||
[-2,5,0]
-1,0,-1,0|||
[-1,5,0]
-1,0,-1,0|||
[0,5,0]
-1,0,-1,0|||
[1,5,0]
-1,0,-1,0|||
[2,5,0]
-1,0,-1,0|||
[3,5,0]
-1,0,-1,0|||
[4,5,0]
-1,0,-1,0|||
[5,5,0]
0,0,-1,-1|||
[-9,-8,0]
0,-1,0,-1|||
[-9,-7,0]
0,-1,0,-1|||
[-9,-6,0]
0,-1,0,-1|||
[-9,-5,0]
0,-1,0,-1|||
[-9,-4,0]
0,-1,0,-1|||
[-9,-3,0]
0,-1,0,-1|||
[-9,-2,0]
0,-1,0,-1|||
[-9,-1,0]
0,-1,0,-1|||
[-9,0,0]
0,-1,0,-1|||
[-9,1,0]
0,-1,0,-1|||
[-9,2,0]
0,-1,0,-1|||
[-9,3,0]
0,-1,0,-1|||
[-9,4,0]
0,-1,0,-1|||
[5,-8,0]
0,-1,0,-1|||
[5,-7,0]
0,-1,0,-1|||
[5,-6,0]
0,-1,0,-1|||
[5,-5,0]
0,-1,0,-1|||
[5,-4,0]
0,-1,0,-1|||
[5,-3,0]
0,-1,0,-1|||
[5,-2,0]
0,-1,0,-1|||
[5,-1,0]
0,-1,0,-1|||
[5,0,0]
0,-1,0,-1|||
[5,1,0]
0,-1,0,-1|||
[5,2,0]
0,-1,0,-1|||
[5,3,0]
0,-1,0,-1|||
[5,4,0]
0,-1,0,-1|||
[-9,-9,0]
0,-1,0,-1|||
[5,-9,0]
0,-1,0,-1|||
[-9,-22,0]
0,-1,0,0|||
[-9,-21,0]
0,-1,0,-1|||
[-9,-20,0]
0,-1,0,-1|||
[-9,-19,0]
0,-1,0,-1|||
[-9,-18,0]
0,-1,0,-1|||
[-9,-17,0]
0,-1,0,-1|||
[-9,-16,0]
0,-1,0,-1|||
[-9,-15,0]
0,-1,0,-1|||
[-9,-14,0]
0,-1,0,-1|||
[-9,-13,0]
0,-1,0,-1|||
[-9,-12,0]
0,-1,0,-1|||
[-9,-11,0]
0,-1,0,-1|||
[-9,-10,0]
0,-1,0,-1|||
[5,-22,0]
0,-1,0,0|||
[5,-21,0]
0,-1,0,-1|||
[5,-20,0]
0,-1,0,-1|||
[5,-19,0]
0,-1,0,-1|||
[5,-18,0]
0,-1,0,-1|||
[5,-17,0]
0,-1,0,-1|||
[5,-16,0]
0,-1,0,-1|||
[5,-15,0]
0,-1,0,-1|||
[5,-14,0]
0,-1,0,-1|||
[5,-13,0]
0,-1,0,-1|||
[5,-12,0]
0,-1,0,-1|||
[5,-11,0]
0,-1,0,-1|||
[5,-10,0]
0,-1,0,-1|||
[-2,0,0]
-1,0,-1,0|||
[-1,0,0]
0,0,-1,0|||
[-3,-5,0]
0,0,0,0|||
[-6,-8,0]
-1,0,0,-1|||
[-5,-8,0]
-1,0,-1,0|||
[-4,-8,0]
-1,0,-1,0|||
[-3,-8,0]
-1,0,-1,0|||
[-2,-8,0]
-1,0,-1,0|||
[-1,-8,0]
0,0,-1,0|||
[-1,-5,0]
0,0,0,0|||
[2,-6,0]
-1,0,0,0|||
[3,-6,0]
-1,0,-1,0|||
[4,-6,0]
0,0,-1,0|||
[-6,-4,0]
-1,0,0,0|||
[-5,-4,0]
0,0,-1,0|||
[-8,-2,0]
0,0,0,0|||
[-7,-1,0]
0,0,0,0|||
[1,-194,0]
0,-1,0,0|||
[1,-193,0]
0,0,0,-1|||
[-6,-17,0]
0,-1,0,0|||
[-6,-16,0]
0,-1,0,-1|||
[-6,-15,0]
0,-1,0,-1|||
[-6,-14,0]
0,-1,0,-1|||
[-6,-13,0]
0,-1,0,-1|||
[-6,-12,0]
0,-1,0,-1|||
[-6,-11,0]
0,-1,0,-1|||
[-6,-10,0]
0,-1,0,-1|||
[-6,-9,0]
0,-1,0,-1|||
[-5,-11,0]
0,0,0,0|||
[-3,-13,0]
-1,0,0,0|||
[-2,-13,0]
0,0,-1,0|||
[1,-11,0]
-1,0,0,0|||
[2,-11,0]
0,0,-1,0|||
[3,-14,0]
-1,0,0,0|||
[4,-14,0]
0,0,-1,0|||
[-3,0,0]
-1,0,-1,0|||
[-4,0,0]
-1,0,0,0|||
[0,1,0]
0,0,0,0|||
[1,1,0]
0,0,0,0|||
